%YAML:1.0
---
K: !!opencv-matrix
   rows: 3
   cols: 3
   dt: d
   data: [ 3.1123521885536811e+03, 0., 2.0118257249335786e+03, 0.,
       3.1164459044443506e+03, 1.5125743089873943e+03, 0., 0., 1. ]
D: !!opencv-matrix
   rows: 1
   cols: 5
   dt: d
   data: [ 3.7531286477569742e-01, -2.0369159732064954e+00,
       5.6341576827382174e-03, 2.2589191429645272e-03,
       3.8219355277799694e+00 ]
