%YAML:1.0
---
K: !!opencv-matrix
   rows: 3
   cols: 3
   dt: d
   data: [ 2.7281634930703319e+02, 0., 3.1191135186756560e+02, 0.,
       2.7312376576595864e+02, 2.2904559235062771e+02, 0., 0., 1. ]
D: !!opencv-matrix
   rows: 1
   cols: 5
   dt: d
   data: [ -3.5235064215595241e-01, 1.7943598886095147e-01,
       -2.5570661639717721e-03, 1.0105740296159076e-03,
       -5.5176959782341085e-02 ]
